from,to,demand
1,2,450
1,3,355
1,4,485
1,5,145
1,6,650
1,7,660
1,8,390
1,9,605
1,10,325
1,11,585
1,12,125
1,13,410
1,14,535
1,15,125
1,16,55
1,17,270
1,18,360
1,19,610
1,20,105
1,21,725
1,22,180
1,23,305
1,24,340
1,25,780
1,26,145
1,27,710
1,28,445
1,29,260
1,30,720
1,31,435
1,32,375
1,33,650
1,34,290
1,35,780
1,36,445
1,37,620
1,38,545
1,39,165
1,40,670
1,41,695
1,42,35
1,43,495
1,44,220
1,45,600
1,46,395
1,47,635
1,48,420
1,49,480
1,50,180
1,51,295
1,52,240
1,53,685
1,54,780
1,55,500
1,56,715
1,57,785
1,58,520
1,59,640
1,60,325
1,61,390
1,62,55
1,63,645
1,64,285
1,65,680
1,66,795
1,67,390
1,68,290
1,69,45
1,70,735
2,1,450
2,3,565
2,4,355
2,5,775
2,6,580
2,7,530
2,8,415
2,9,705
2,10,50
2,11,380
2,12,250
2,13,160
2,14,125
2,15,725
2,16,60
2,17,770
2,18,560
2,19,10
2,20,5
2,21,685
2,22,375
2,23,670
2,24,180
2,25,645
2,26,200
2,27,800
2,28,755
2,29,445
2,30,735
2,31,510
2,32,625
2,33,455
2,34,155
2,35,725
2,36,415
2,37,800
2,38,305
2,39,165
2,40,585
2,41,255
2,42,95
2,43,715
2,44,555
2,45,755
2,46,335
2,47,655
2,48,645
2,49,290
2,50,735
2,51,235
2,52,135
2,53,365
2,54,195
2,55,5
2,56,495
2,57,530
2,58,530
2,59,545
2,60,685
2,61,30
2,62,545
2,63,460
2,64,555
2,65,720
2,66,215
2,67,55
2,68,255
2,69,635
2,70,400
3,1,355
3,2,565
3,4,350
3,5,135
3,6,215
3,7,550
3,8,655
3,9,565
3,10,465
3,11,800
3,12,370
3,13,395
3,14,220
3,15,525
3,16,330
3,17,240
3,18,485
3,19,635
3,20,780
3,21,620
3,22,480
3,23,360
3,24,125
3,25,170
3,26,565
3,27,765
3,28,510
3,29,715
3,30,175
3,31,550
3,32,255
3,33,25
3,34,660
3,35,350
3,36,75
3,37,750
3,38,315
3,39,475
3,40,195
3,41,525
3,42,295
3,43,385
3,44,325
3,45,270
3,46,215
3,47,615
3,48,195
3,49,770
3,50,740
3,51,220
3,52,180
3,53,205
3,54,200
3,55,195
3,56,345
3,57,665
3,58,495
3,59,160
3,60,650
3,61,790
3,62,120
3,63,685
3,64,195
3,65,335
3,66,260
3,67,350
3,68,265
3,69,80
3,70,540
4,1,485
4,2,355
4,3,350
4,5,40
4,6,165
4,7,400
4,8,225
4,9,340
4,10,480
4,11,40
4,12,710
4,13,690
4,14,70
4,15,145
4,16,15
4,17,475
4,18,570
4,19,610
4,20,175
4,21,775
4,22,390
4,23,50
4,24,145
4,25,275
4,26,705
4,27,35
4,28,285
4,29,515
4,30,665
4,31,40
4,32,635
4,33,45
4,34,240
4,35,220
4,36,735
4,37,485
4,38,405
4,39,590
4,40,90
4,41,710
4,42,425
4,43,5
4,44,135
4,45,210
4,46,35
4,47,550
4,48,25
4,49,400
4,50,385
4,51,225
4,52,475
4,53,230
4,54,740
4,55,5
4,56,455
4,57,295
4,58,300
4,59,20
4,60,550
4,61,445
4,62,615
4,63,635
4,64,200
4,65,160
4,66,295
4,67,580
4,68,105
4,69,345
4,70,15
5,1,145
5,2,775
5,3,135
5,4,40
5,6,60
5,7,570
5,8,645
5,9,730
5,10,730
5,11,505
5,12,110
5,13,50
5,14,625
5,15,595
5,16,505
5,17,585
5,18,165
5,19,640
5,20,780
5,21,340
5,22,200
5,23,385
5,24,540
5,25,685
5,26,760
5,27,105
5,28,560
5,29,65
5,30,85
5,31,105
5,32,415
5,33,390
5,34,360
5,35,640
5,36,425
5,37,540
5,38,390
5,39,270
5,40,210
5,41,780
5,42,215
5,43,635
5,44,400
5,45,260
5,46,495
5,47,10
5,48,55
5,49,740
5,50,725
5,51,670
5,52,735
5,53,545
5,54,625
5,55,555
5,56,160
5,57,365
5,58,635
5,59,5
5,60,445
5,61,350
5,62,50
5,63,355
5,64,675
5,65,495
5,66,595
5,67,750
5,68,265
5,69,600
5,70,700
6,1,650
6,2,580
6,3,215
6,4,165
6,5,60
6,7,350
6,8,420
6,9,525
6,10,380
6,11,150
6,12,185
6,13,330
6,14,15
6,15,605
6,16,50
6,17,350
6,18,435
6,19,490
6,20,350
6,21,65
6,22,230
6,23,60
6,24,585
6,25,280
6,26,525
6,27,390
6,28,310
6,29,265
6,30,85
6,31,300
6,32,305
6,33,390
6,34,640
6,35,555
6,36,680
6,37,410
6,38,685
6,39,375
6,40,215
6,41,505
6,42,455
6,43,435
6,44,315
6,45,340
6,46,110
6,47,235
6,48,10
6,49,750
6,50,490
6,51,715
6,52,340
6,53,325
6,54,445
6,55,480
6,56,410
6,57,470
6,58,110
6,59,610
6,60,525
6,61,285
6,62,255
6,63,220
6,64,120
6,65,270
6,66,670
6,67,190
6,68,60
6,69,400
6,70,100
7,1,660
7,2,530
7,3,550
7,4,400
7,5,570
7,6,350
7,8,325
7,9,75
7,10,580
7,11,275
7,12,455
7,13,525
7,14,525
7,15,565
7,16,245
7,17,70
7,18,510
7,19,215
7,20,720
7,21,245
7,22,575
7,23,265
7,24,295
7,25,475
7,26,725
7,27,215
7,28,760
7,29,595
7,30,5
7,31,685
7,32,560
7,33,450
7,34,275
7,35,270
7,36,65
7,37,370
7,38,530
7,39,460
7,40,325
7,41,750
7,42,290
7,43,760
7,44,25
7,45,355
7,46,565
7,47,565
7,48,410
7,49,490
7,50,600
7,51,645
7,52,270
7,53,455
7,54,685
7,55,475
7,56,410
7,57,685
7,58,550
7,59,90
7,60,405
7,61,20
7,62,355
7,63,730
7,64,40
7,65,760
7,66,145
7,67,300
7,68,165
7,69,80
7,70,350
8,1,390
8,2,415
8,3,655
8,4,225
8,5,645
8,6,420
8,7,325
8,9,225
8,10,85
8,11,400
8,12,195
8,13,280
8,14,450
8,15,440
8,16,340
8,17,310
8,18,305
8,19,225
8,20,145
8,21,105
8,22,15
8,23,605
8,24,405
8,25,580
8,26,610
8,27,220
8,28,155
8,29,55
8,30,345
8,31,565
8,32,785
8,33,445
8,34,40
8,35,470
8,36,225
8,37,435
8,38,355
8,39,95
8,40,305
8,41,615
8,42,735
8,43,555
8,44,780
8,45,105
8,46,520
8,47,310
8,48,450
8,49,160
8,50,320
8,51,275
8,52,290
8,53,300
8,54,95
8,55,405
8,56,655
8,57,275
8,58,400
8,59,95
8,60,465
8,61,415
8,62,285
8,63,695
8,64,280
8,65,370
8,66,195
8,67,620
8,68,220
8,69,425
8,70,425
9,1,605
9,2,705
9,3,565
9,4,340
9,5,730
9,6,525
9,7,75
9,8,225
9,10,700
9,11,755
9,12,40
9,13,785
9,14,510
9,15,60
9,16,170
9,17,290
9,18,345
9,19,610
9,20,735
9,21,505
9,22,765
9,23,605
9,24,425
9,25,685
9,26,655
9,27,110
9,28,610
9,29,495
9,30,320
9,31,675
9,32,35
9,33,80
9,34,760
9,35,320
9,36,430
9,37,725
9,38,275
9,39,535
9,40,585
9,41,180
9,42,445
9,43,365
9,44,490
9,45,440
9,46,415
9,47,230
9,48,705
9,49,750
9,50,645
9,51,780
9,52,420
9,53,95
9,54,525
9,55,155
9,56,690
9,57,755
9,58,85
9,59,240
9,60,640
9,61,355
9,62,395
9,63,25
9,64,460
9,65,460
9,66,595
9,67,65
9,68,630
9,69,155
9,70,425
10,1,325
10,2,50
10,3,465
10,4,480
10,5,730
10,6,380
10,7,580
10,8,85
10,9,700
10,11,740
10,12,790
10,13,785
10,14,245
10,15,605
10,16,170
10,17,690
10,18,530
10,19,85
10,20,465
10,21,775
10,22,680
10,23,605
10,24,565
10,25,200
10,26,35
10,27,370
10,28,95
10,29,130
10,30,340
10,31,535
10,32,780
10,33,225
10,34,430
10,35,745
10,36,135
10,37,635
10,38,85
10,39,710
10,40,420
10,41,780
10,42,605
10,43,580
10,44,5
10,45,165
10,46,210
10,47,65
10,48,590
10,49,660
10,50,275
10,51,110
10,52,535
10,53,665
10,54,540
10,55,115
10,56,305
10,57,545
10,58,415
10,59,785
10,60,215
10,61,695
10,62,300
10,63,110
10,64,70
10,65,595
10,66,300
10,67,305
10,68,245
10,69,240
10,70,210
11,1,585
11,2,380
11,3,800
11,4,40
11,5,505
11,6,150
11,7,275
11,8,400
11,9,755
11,10,740
11,12,375
11,13,795
11,14,310
11,15,755
11,16,135
11,17,745
11,18,605
11,19,690
11,20,485
11,21,90
11,22,365
11,23,525
11,24,50
11,25,20
11,26,235
11,27,750
11,28,415
11,29,705
11,30,305
11,31,710
11,32,430
11,33,715
11,34,85
11,35,170
11,36,565
11,37,290
11,38,5
11,39,310
11,40,260
11,41,315
11,42,150
11,43,170
11,44,475
11,45,480
11,46,140
11,47,750
11,48,45
11,49,165
11,50,410
11,51,610
11,52,120
11,53,745
11,54,340
11,55,50
11,56,540
11,57,225
11,58,625
11,59,775
11,60,555
11,61,400
11,62,80
11,63,235
11,64,435
11,65,10
11,66,230
11,67,475
11,68,140
11,69,140
11,70,545
12,1,125
12,2,250
12,3,370
12,4,710
12,5,110
12,6,185
12,7,455
12,8,195
12,9,40
12,10,790
12,11,375
12,13,460
12,14,445
12,15,775
12,16,505
12,17,260
12,18,420
12,19,695
12,20,800
12,21,675
12,22,280
12,23,600
12,24,755
12,25,535
12,26,385
12,27,230
12,28,480
12,29,270
12,30,770
12,31,355
12,32,770
12,33,545
12,34,565
12,35,770
12,36,755
12,37,670
12,38,125
12,39,665
12,40,375
12,41,240
12,42,420
12,43,670
12,44,435
12,45,210
12,46,285
12,47,150
12,48,285
12,49,155
12,50,670
12,51,310
12,52,10
12,53,250
12,54,670
12,55,230
12,56,630
12,57,430
12,58,125
12,59,425
12,60,230
12,61,575
12,62,590
12,63,360
12,64,150
12,65,110
12,66,220
12,67,510
12,68,645
12,69,535
12,70,230
13,1,410
13,2,160
13,3,395
13,4,690
13,5,50
13,6,330
13,7,525
13,8,280
13,9,785
13,10,785
13,11,795
13,12,460
13,14,115
13,15,200
13,16,555
13,17,60
13,18,400
13,19,790
13,20,725
13,21,465
13,22,615
13,23,600
13,24,560
13,25,545
13,26,230
13,27,470
13,28,500
13,29,655
13,30,15
13,31,175
13,32,795
13,33,655
13,34,510
13,35,550
13,36,650
13,37,225
13,38,535
13,39,25
13,40,440
13,41,425
13,42,700
13,43,155
13,44,750
13,45,785
13,46,265
13,47,500
13,48,425
13,49,370
13,50,290
13,51,270
13,52,70
13,53,315
13,54,195
13,55,390
13,56,565
13,57,110
13,58,665
13,59,745
13,60,665
13,61,390
13,62,530
13,63,370
13,64,335
13,65,30
13,66,745
13,67,35
13,68,385
13,69,310
13,70,430
14,1,535
14,2,125
14,3,220
14,4,70
14,5,625
14,6,15
14,7,525
14,8,450
14,9,510
14,10,245
14,11,310
14,12,445
14,13,115
14,15,800
14,16,725
14,17,15
14,18,625
14,19,390
14,20,315
14,21,660
14,22,700
14,23,800
14,24,160
14,25,700
14,26,250
14,27,330
14,28,655
14,29,295
14,30,345
14,31,75
14,32,535
14,33,590
14,34,245
14,35,275
14,36,590
14,37,790
14,38,560
14,39,75
14,40,380
14,41,510
14,42,425
14,43,115
14,44,225
14,45,790
14,46,640
14,47,750
14,48,280
14,49,170
14,50,545
14,51,285
14,52,355
14,53,730
14,54,670
14,55,315
14,56,590
14,57,235
14,58,235
14,59,240
14,60,20
14,61,735
14,62,550
14,63,190
14,64,400
14,65,635
14,66,305
14,67,175
14,68,580
14,69,620
14,70,555
15,1,125
15,2,725
15,3,525
15,4,145
15,5,595
15,6,605
15,7,565
15,8,440
15,9,60
15,10,605
15,11,755
15,12,775
15,13,200
15,14,800
15,16,500
15,17,610
15,18,410
15,19,265
15,20,5
15,21,465
15,22,140
15,23,160
15,24,125
15,25,405
15,26,15
15,27,380
15,28,40
15,29,355
15,30,135
15,31,460
15,32,655
15,33,70
15,34,190
15,35,200
15,36,285
15,37,330
15,38,95
15,39,330
15,40,545
15,41,435
15,42,290
15,43,530
15,44,545
15,45,110
15,46,355
15,47,750
15,48,460
15,49,465
15,50,615
15,51,200
15,52,560
15,53,240
15,54,460
15,55,510
15,56,320
15,57,200
15,58,750
15,59,360
15,60,430
15,61,510
15,62,535
15,63,355
15,64,140
15,65,560
15,66,740
15,67,300
15,68,515
15,69,715
15,70,390
16,1,55
16,2,60
16,3,330
16,4,15
16,5,505
16,6,50
16,7,245
16,8,340
16,9,170
16,10,170
16,11,135
16,12,505
16,13,555
16,14,725
16,15,500
16,17,505
16,18,375
16,19,90
16,20,95
16,21,90
16,22,360
16,23,755
16,24,510
16,25,745
16,26,55
16,27,250
16,28,760
16,29,10
16,30,135
16,31,605
16,32,670
16,33,485
16,34,415
16,35,755
16,36,595
16,37,565
16,38,600
16,39,700
16,40,775
16,41,790
16,42,735
16,43,230
16,44,50
16,45,660
16,46,145
16,47,30
16,48,620
16,49,435
16,50,270
16,51,465
16,52,685
16,53,515
16,54,340
16,55,440
16,56,150
16,57,190
16,58,165
16,59,210
16,60,755
16,61,515
16,62,665
16,63,315
16,64,135
16,65,595
16,66,700
16,67,285
16,68,145
16,69,800
16,70,770
17,1,270
17,2,770
17,3,240
17,4,475
17,5,585
17,6,350
17,7,70
17,8,310
17,9,290
17,10,690
17,11,745
17,12,260
17,13,60
17,14,15
17,15,610
17,16,505
17,18,125
17,19,745
17,20,340
17,21,180
17,22,110
17,23,210
17,24,440
17,25,70
17,26,480
17,27,25
17,28,365
17,29,270
17,30,755
17,31,245
17,32,345
17,33,530
17,34,305
17,35,110
17,36,80
17,37,245
17,38,660
17,39,505
17,40,165
17,41,785
17,42,355
17,43,670
17,44,435
17,45,25
17,46,10
17,47,630
17,48,360
17,49,235
17,50,695
17,51,525
17,52,230
17,53,520
17,54,215
17,55,140
17,56,295
17,57,435
17,58,745
17,59,600
17,60,120
17,61,5
17,62,105
17,63,735
17,64,540
17,65,95
17,66,770
17,67,100
17,68,395
17,69,290
17,70,380
18,1,360
18,2,560
18,3,485
18,4,570
18,5,165
18,6,435
18,7,510
18,8,305
18,9,345
18,10,530
18,11,605
18,12,420
18,13,400
18,14,625
18,15,410
18,16,375
18,17,125
18,19,50
18,20,265
18,21,215
18,22,200
18,23,760
18,24,30
18,25,725
18,26,295
18,27,535
18,28,765
18,29,80
18,30,550
18,31,330
18,32,90
18,33,395
18,34,370
18,35,705
18,36,530
18,37,225
18,38,530
18,39,520
18,40,720
18,41,710
18,42,270
18,43,345
18,44,645
18,45,740
18,46,695
18,47,400
18,48,470
18,49,740
18,50,135
18,51,300
18,52,210
18,53,665
18,54,60
18,55,225
18,56,445
18,57,500
18,58,330
18,59,210
18,60,335
18,61,310
18,62,80
18,63,110
18,64,490
18,65,525
18,66,675
18,67,400
18,68,250
18,69,140
18,70,40
19,1,610
19,2,10
19,3,635
19,4,610
19,5,640
19,6,490
19,7,215
19,8,225
19,9,610
19,10,85
19,11,690
19,12,695
19,13,790
19,14,390
19,15,265
19,16,90
19,17,745
19,18,50
19,20,185
19,21,295
19,22,455
19,23,460
19,24,625
19,25,475
19,26,90
19,27,515
19,28,60
19,29,295
19,30,230
19,31,595
19,32,55
19,33,610
19,34,195
19,35,185
19,36,10
19,37,110
19,38,170
19,39,175
19,40,725
19,41,225
19,42,80
19,43,630
19,44,535
19,45,495
19,46,280
19,47,555
19,48,190
19,49,250
19,50,290
19,51,175
19,52,545
19,53,590
19,54,10
19,55,285
19,56,195
19,57,745
19,58,615
19,59,305
19,60,550
19,61,560
19,62,475
19,63,770
19,64,630
19,65,435
19,66,80
19,67,710
19,68,210
19,69,375
19,70,265
20,1,105
20,2,5
20,3,780
20,4,175
20,5,780
20,6,350
20,7,720
20,8,145
20,9,735
20,10,465
20,11,485
20,12,800
20,13,725
20,14,315
20,15,5
20,16,95
20,17,340
20,18,265
20,19,185
20,21,610
20,22,645
20,23,645
20,24,705
20,25,70
20,26,535
20,27,405
20,28,270
20,29,475
20,30,285
20,31,170
20,32,210
20,33,80
20,34,125
20,35,260
20,36,480
20,37,125
20,38,55
20,39,10
20,40,620
20,41,550
20,42,100
20,43,580
20,44,130
20,45,100
20,46,545
20,47,120
20,48,50
20,49,110
20,50,15
20,51,155
20,52,60
20,53,35
20,54,250
20,55,415
20,56,315
20,57,800
20,58,355
20,59,125
20,60,625
20,61,595
20,62,75
20,63,380
20,64,235
20,65,330
20,66,345
20,67,700
20,68,570
20,69,15
20,70,20
21,1,725
21,2,685
21,3,620
21,4,775
21,5,340
21,6,65
21,7,245
21,8,105
21,9,505
21,10,775
21,11,90
21,12,675
21,13,465
21,14,660
21,15,465
21,16,90
21,17,180
21,18,215
21,19,295
21,20,610
21,22,190
21,23,480
21,24,745
21,25,270
21,26,355
21,27,80
21,28,575
21,29,580
21,30,630
21,31,755
21,32,40
21,33,645
21,34,375
21,35,225
21,36,40
21,37,635
21,38,720
21,39,625
21,40,670
21,41,280
21,42,155
21,43,305
21,44,210
21,45,20
21,46,235
21,47,195
21,48,165
21,49,280
21,50,430
21,51,100
21,52,155
21,53,395
21,54,330
21,55,590
21,56,240
21,57,650
21,58,735
21,59,615
21,60,270
21,61,580
21,62,30
21,63,495
21,64,90
21,65,45
21,66,45
21,67,25
21,68,765
21,69,425
21,70,610
22,1,180
22,2,375
22,3,480
22,4,390
22,5,200
22,6,230
22,7,575
22,8,15
22,9,765
22,10,680
22,11,365
22,12,280
22,13,615
22,14,700
22,15,140
22,16,360
22,17,110
22,18,200
22,19,455
22,20,645
22,21,190
22,23,475
22,24,595
22,25,260
22,26,680
22,27,395
22,28,95
22,29,650
22,30,535
22,31,310
22,32,580
22,33,335
22,34,45
22,35,470
22,36,240
22,37,330
22,38,470
22,39,255
22,40,120
22,41,795
22,42,90
22,43,270
22,44,35
22,45,740
22,46,300
22,47,795
22,48,435
22,49,455
22,50,155
22,51,175
22,52,390
22,53,180
22,54,750
22,55,225
22,56,765
22,57,655
22,58,280
22,59,20
22,60,275
22,61,310
22,62,75
22,63,780
22,64,155
22,65,135
22,66,410
22,67,410
22,68,45
22,69,295
22,70,470
23,1,305
23,2,670
23,3,360
23,4,50
23,5,385
23,6,60
23,7,265
23,8,605
23,9,605
23,10,605
23,11,525
23,12,600
23,13,600
23,14,800
23,15,160
23,16,755
23,17,210
23,18,760
23,19,460
23,20,645
23,21,480
23,22,475
23,24,800
23,25,350
23,26,560
23,27,15
23,28,125
23,29,720
23,30,40
23,31,25
23,32,460
23,33,275
23,34,180
23,35,725
23,36,550
23,37,300
23,38,325
23,39,165
23,40,195
23,41,710
23,42,740
23,43,630
23,44,195
23,45,470
23,46,165
23,47,105
23,48,555
23,49,730
23,50,605
23,51,660
23,52,185
23,53,310
23,54,335
23,55,750
23,56,85
23,57,430
23,58,500
23,59,225
23,60,160
23,61,330
23,62,295
23,63,130
23,64,715
23,65,355
23,66,540
23,67,170
23,68,380
23,69,40
23,70,400
24,1,340
24,2,180
24,3,125
24,4,145
24,5,540
24,6,585
24,7,295
24,8,405
24,9,425
24,10,565
24,11,50
24,12,755
24,13,560
24,14,160
24,15,125
24,16,510
24,17,440
24,18,30
24,19,625
24,20,705
24,21,745
24,22,595
24,23,800
24,25,220
24,26,550
24,27,600
24,28,315
24,29,450
24,30,590
24,31,490
24,32,465
24,33,60
24,34,300
24,35,30
24,36,325
24,37,530
24,38,465
24,39,785
24,40,355
24,41,625
24,42,460
24,43,20
24,44,410
24,45,330
24,46,180
24,47,185
24,48,355
24,49,740
24,50,260
24,51,230
24,52,295
24,53,400
24,54,655
24,55,190
24,56,20
24,57,245
24,58,240
24,59,665
24,60,110
24,61,655
24,62,690
24,63,445
24,64,15
24,65,410
24,66,575
24,67,560
24,68,715
24,69,565
24,70,750
25,1,780
25,2,645
25,3,170
25,4,275
25,5,685
25,6,280
25,7,475
25,8,580
25,9,685
25,10,200
25,11,20
25,12,535
25,13,545
25,14,700
25,15,405
25,16,745
25,17,70
25,18,725
25,19,475
25,20,70
25,21,270
25,22,260
25,23,350
25,24,220
25,26,10
25,27,660
25,28,30
25,29,415
25,30,525
25,31,605
25,32,225
25,33,485
25,34,715
25,35,515
25,36,630
25,37,395
25,38,325
25,39,705
25,40,570
25,41,665
25,42,10
25,43,80
25,44,435
25,45,685
25,46,215
25,47,625
25,48,515
25,49,585
25,50,720
25,51,615
25,52,170
25,53,35
25,54,125
25,55,575
25,56,105
25,57,180
25,58,365
25,59,375
25,60,75
25,61,410
25,62,65
25,63,135
25,64,600
25,65,270
25,66,245
25,67,660
25,68,790
25,69,780
25,70,465
26,1,145
26,2,200
26,3,565
26,4,705
26,5,760
26,6,525
26,7,725
26,8,610
26,9,655
26,10,35
26,11,235
26,12,385
26,13,230
26,14,250
26,15,15
26,16,55
26,17,480
26,18,295
26,19,90
26,20,535
26,21,355
26,22,680
26,23,560
26,24,550
26,25,10
26,27,190
26,28,235
26,29,540
26,30,460
26,31,160
26,32,770
26,33,270
26,34,120
26,35,265
26,36,95
26,37,620
26,38,635
26,39,470
26,40,65
26,41,155
26,42,625
26,43,285
26,44,675
26,45,110
26,46,560
26,47,155
26,48,320
26,49,275
26,50,740
26,51,675
26,52,505
26,53,695
26,54,175
26,55,55
26,56,545
26,57,430
26,58,415
26,59,205
26,60,685
26,61,660
26,62,15
26,63,380
26,64,760
26,65,370
26,66,680
26,67,430
26,68,350
26,69,20
26,70,405
27,1,710
27,2,800
27,3,765
27,4,35
27,5,105
27,6,390
27,7,215
27,8,220
27,9,110
27,10,370
27,11,750
27,12,230
27,13,470
27,14,330
27,15,380
27,16,250
27,17,25
27,18,535
27,19,515
27,20,405
27,21,80
27,22,395
27,23,15
27,24,600
27,25,660
27,26,190
27,28,705
27,29,730
27,30,230
27,31,110
27,32,5
27,33,255
27,34,425
27,35,665
27,36,540
27,37,735
27,38,605
27,39,135
27,40,775
27,41,280
27,42,480
27,43,590
27,44,700
27,45,270
27,46,375
27,47,135
27,48,375
27,49,370
27,50,105
27,51,515
27,52,720
27,53,345
27,54,145
27,55,240
27,56,50
27,57,50
27,58,25
27,59,445
27,60,455
27,61,245
27,62,605
27,63,540
27,64,755
27,65,390
27,66,415
27,67,635
27,68,460
27,69,615
27,70,740
28,1,445
28,2,755
28,3,510
28,4,285
28,5,560
28,6,310
28,7,760
28,8,155
28,9,610
28,10,95
28,11,415
28,12,480
28,13,500
28,14,655
28,15,40
28,16,760
28,17,365
28,18,765
28,19,60
28,20,270
28,21,575
28,22,95
28,23,125
28,24,315
28,25,30
28,26,235
28,27,705
28,29,170
28,30,490
28,31,375
28,32,495
28,33,165
28,34,545
28,35,15
28,36,185
28,37,735
28,38,615
28,39,430
28,40,55
28,41,160
28,42,10
28,43,775
28,44,670
28,45,360
28,46,795
28,47,640
28,48,395
28,49,105
28,50,170
28,51,665
28,52,260
28,53,595
28,54,130
28,55,590
28,56,45
28,57,575
28,58,100
28,59,790
28,60,475
28,61,220
28,62,350
28,63,745
28,64,410
28,65,55
28,66,530
28,67,360
28,68,120
28,69,625
28,70,430
29,1,260
29,2,445
29,3,715
29,4,515
29,5,65
29,6,265
29,7,595
29,8,55
29,9,495
29,10,130
29,11,705
29,12,270
29,13,655
29,14,295
29,15,355
29,16,10
29,17,270
29,18,80
29,19,295
29,20,475
29,21,580
29,22,650
29,23,720
29,24,450
29,25,415
29,26,540
29,27,730
29,28,170
29,30,75
29,31,725
29,32,695
29,33,50
29,34,515
29,35,715
29,36,280
29,37,535
29,38,365
29,39,360
29,40,15
29,41,690
29,42,755
29,43,385
29,44,460
29,45,795
29,46,325
29,47,180
29,48,695
29,49,555
29,50,140
29,51,10
29,52,140
29,53,170
29,54,725
29,55,570
29,56,110
29,57,345
29,58,530
29,59,260
29,60,480
29,61,170
29,62,155
29,63,170
29,64,575
29,65,205
29,66,220
29,67,390
29,68,180
29,69,285
29,70,515
30,1,720
30,2,735
30,3,175
30,4,665
30,5,85
30,6,85
30,7,5
30,8,345
30,9,320
30,10,340
30,11,305
30,12,770
30,13,15
30,14,345
30,15,135
30,16,135
30,17,755
30,18,550
30,19,230
30,20,285
30,21,630
30,22,535
30,23,40
30,24,590
30,25,525
30,26,460
30,27,230
30,28,490
30,29,75
30,31,600
30,32,395
30,33,495
30,34,260
30,35,245
30,36,115
30,37,680
30,38,235
30,39,730
30,40,95
30,41,495
30,42,230
30,43,410
30,44,435
30,45,45
30,46,350
30,47,175
30,48,735
30,49,555
30,50,95
30,51,290
30,52,245
30,53,245
30,54,450
30,55,640
30,56,380
30,57,635
30,58,340
30,59,595
30,60,290
30,61,760
30,62,605
30,63,20
30,64,605
30,65,730
30,66,280
30,67,60
30,68,685
30,69,80
30,70,440
31,1,435
31,2,510
31,3,550
31,4,40
31,5,105
31,6,300
31,7,685
31,8,565
31,9,675
31,10,535
31,11,710
31,12,355
31,13,175
31,14,75
31,15,460
31,16,605
31,17,245
31,18,330
31,19,595
31,20,170
31,21,755
31,22,310
31,23,25
31,24,490
31,25,605
31,26,160
31,27,110
31,28,375
31,29,725
31,30,600
31,32,735
31,33,420
31,34,45
31,35,355
31,36,555
31,37,210
31,38,720
31,39,370
31,40,190
31,41,160
31,42,680
31,43,595
31,44,530
31,45,90
31,46,670
31,47,365
31,48,525
31,49,725
31,50,90
31,51,485
31,52,15
31,53,75
31,54,725
31,55,440
31,56,520
31,57,190
31,58,500
31,59,65
31,60,520
31,61,145
31,62,500
31,63,780
31,64,540
31,65,270
31,66,370
31,67,20
31,68,420
31,69,795
31,70,580
32,1,375
32,2,625
32,3,255
32,4,635
32,5,415
32,6,305
32,7,560
32,8,785
32,9,35
32,10,780
32,11,430
32,12,770
32,13,795
32,14,535
32,15,655
32,16,670
32,17,345
32,18,90
32,19,55
32,20,210
32,21,40
32,22,580
32,23,460
32,24,465
32,25,225
32,26,770
32,27,5
32,28,495
32,29,695
32,30,395
32,31,735
32,33,320
32,34,475
32,35,460
32,36,410
32,37,120
32,38,235
32,39,405
32,40,115
32,41,330
32,42,475
32,43,650
32,44,380
32,45,540
32,46,610
32,47,150
32,48,500
32,49,620
32,50,340
32,51,355
32,52,395
32,53,175
32,54,670
32,55,405
32,56,85
32,57,295
32,58,660
32,59,100
32,60,520
32,61,590
32,62,570
32,63,85
32,64,770
32,65,340
32,66,450
32,67,80
32,68,390
32,69,125
32,70,250
33,1,650
33,2,455
33,3,25
33,4,45
33,5,390
33,6,390
33,7,450
33,8,445
33,9,80
33,10,225
33,11,715
33,12,545
33,13,655
33,14,590
33,15,70
33,16,485
33,17,530
33,18,395
33,19,610
33,20,80
33,21,645
33,22,335
33,23,275
33,24,60
33,25,485
33,26,270
33,27,255
33,28,165
33,29,50
33,30,495
33,31,420
33,32,320
33,34,105
33,35,275
33,36,535
33,37,415
33,38,640
33,39,465
33,40,55
33,41,200
33,42,730
33,43,715
33,44,795
33,45,260
33,46,790
33,47,495
33,48,525
33,49,485
33,50,640
33,51,490
33,52,305
33,53,140
33,54,50
33,55,125
33,56,310
33,57,15
33,58,775
33,59,255
33,60,765
33,61,25
33,62,320
33,63,225
33,64,290
33,65,625
33,66,360
33,67,50
33,68,40
33,69,425
33,70,615
34,1,290
34,2,155
34,3,660
34,4,240
34,5,360
34,6,640
34,7,275
34,8,40
34,9,760
34,10,430
34,11,85
34,12,565
34,13,510
34,14,245
34,15,190
34,16,415
34,17,305
34,18,370
34,19,195
34,20,125
34,21,375
34,22,45
34,23,180
34,24,300
34,25,715
34,26,120
34,27,425
34,28,545
34,29,515
34,30,260
34,31,45
34,32,475
34,33,105
34,35,495
34,36,750
34,37,630
34,38,605
34,39,265
34,40,420
34,41,520
34,42,410
34,43,530
34,44,190
34,45,790
34,46,70
34,47,335
34,48,790
34,49,390
34,50,490
34,51,10
34,52,615
34,53,595
34,54,175
34,55,320
34,56,215
34,57,65
34,58,180
34,59,390
34,60,415
34,61,675
34,62,335
34,63,325
34,64,765
34,65,270
34,66,110
34,67,560
34,68,740
34,69,395
34,70,405
35,1,780
35,2,725
35,3,350
35,4,220
35,5,640
35,6,555
35,7,270
35,8,470
35,9,320
35,10,745
35,11,170
35,12,770
35,13,550
35,14,275
35,15,200
35,16,755
35,17,110
35,18,705
35,19,185
35,20,260
35,21,225
35,22,470
35,23,725
35,24,30
35,25,515
35,26,265
35,27,665
35,28,15
35,29,715
35,30,245
35,31,355
35,32,460
35,33,275
35,34,495
35,36,5
35,37,155
35,38,625
35,39,490
35,40,635
35,41,675
35,42,550
35,43,70
35,44,645
35,45,110
35,46,460
35,47,460
35,48,15
35,49,750
35,50,495
35,51,535
35,52,340
35,53,565
35,54,380
35,55,330
35,56,795
35,57,390
35,58,95
35,59,690
35,60,275
35,61,255
35,62,305
35,63,700
35,64,430
35,65,25
35,66,200
35,67,580
35,68,350
35,69,210
35,70,155
36,1,445
36,2,415
36,3,75
36,4,735
36,5,425
36,6,680
36,7,65
36,8,225
36,9,430
36,10,135
36,11,565
36,12,755
36,13,650
36,14,590
36,15,285
36,16,595
36,17,80
36,18,530
36,19,10
36,20,480
36,21,40
36,22,240
36,23,550
36,24,325
36,25,630
36,26,95
36,27,540
36,28,185
36,29,280
36,30,115
36,31,555
36,32,410
36,33,535
36,34,750
36,35,5
36,37,175
36,38,400
36,39,30
36,40,300
36,41,290
36,42,220
36,43,215
36,44,600
36,45,110
36,46,645
36,47,245
36,48,275
36,49,530
36,50,35
36,51,620
36,52,555
36,53,745
36,54,50
36,55,550
36,56,585
36,57,680
36,58,445
36,59,675
36,60,40
36,61,610
36,62,545
36,63,700
36,64,265
36,65,415
36,66,365
36,67,145
36,68,680
36,69,40
36,70,420
37,1,620
37,2,800
37,3,750
37,4,485
37,5,540
37,6,410
37,7,370
37,8,435
37,9,725
37,10,635
37,11,290
37,12,670
37,13,225
37,14,790
37,15,330
37,16,565
37,17,245
37,18,225
37,19,110
37,20,125
37,21,635
37,22,330
37,23,300
37,24,530
37,25,395
37,26,620
37,27,735
37,28,735
37,29,535
37,30,680
37,31,210
37,32,120
37,33,415
37,34,630
37,35,155
37,36,175
37,38,190
37,39,725
37,40,435
37,41,80
37,42,690
37,43,35
37,44,115
37,45,175
37,46,625
37,47,290
37,48,25
37,49,670
37,50,295
37,51,635
37,52,705
37,53,545
37,54,440
37,55,720
37,56,80
37,57,75
37,58,30
37,59,260
37,60,135
37,61,800
37,62,335
37,63,605
37,64,555
37,65,620
37,66,730
37,67,250
37,68,165
37,69,60
37,70,470
38,1,545
38,2,305
38,3,315
38,4,405
38,5,390
38,6,685
38,7,530
38,8,355
38,9,275
38,10,85
38,11,5
38,12,125
38,13,535
38,14,560
38,15,95
38,16,600
38,17,660
38,18,530
38,19,170
38,20,55
38,21,720
38,22,470
38,23,325
38,24,465
38,25,325
38,26,635
38,27,605
38,28,615
38,29,365
38,30,235
38,31,720
38,32,235
38,33,640
38,34,605
38,35,625
38,36,400
38,37,190
38,39,435
38,40,520
38,41,480
38,42,365
38,43,135
38,44,615
38,45,790
38,46,115
38,47,665
38,48,705
38,49,60
38,50,385
38,51,595
38,52,590
38,53,655
38,54,430
38,55,450
38,56,280
38,57,445
38,58,20
38,59,590
38,60,670
38,61,670
38,62,30
38,63,730
38,64,80
38,65,685
38,66,420
38,67,15
38,68,105
38,69,475
38,70,580
39,1,165
39,2,165
39,3,475
39,4,590
39,5,270
39,6,375
39,7,460
39,8,95
39,9,535
39,10,710
39,11,310
39,12,665
39,13,25
39,14,75
39,15,330
39,16,700
39,17,505
39,18,520
39,19,175
39,20,10
39,21,625
39,22,255
39,23,165
39,24,785
39,25,705
39,26,470
39,27,135
39,28,430
39,29,360
39,30,730
39,31,370
39,32,405
39,33,465
39,34,265
39,35,490
39,36,30
39,37,725
39,38,435
39,40,30
39,41,145
39,42,190
39,43,575
39,44,620
39,45,475
39,46,700
39,47,365
39,48,790
39,49,210
39,50,555
39,51,480
39,52,225
39,53,225
39,54,550
39,55,650
39,56,65
39,57,300
39,58,645
39,59,770
39,60,795
39,61,345
39,62,350
39,63,275
39,64,365
39,65,620
39,66,605
39,67,795
39,68,165
39,69,305
39,70,570
40,1,670
40,2,585
40,3,195
40,4,90
40,5,210
40,6,215
40,7,325
40,8,305
40,9,585
40,10,420
40,11,260
40,12,375
40,13,440
40,14,380
40,15,545
40,16,775
40,17,165
40,18,720
40,19,725
40,20,620
40,21,670
40,22,120
40,23,195
40,24,355
40,25,570
40,26,65
40,27,775
40,28,55
40,29,15
40,30,95
40,31,190
40,32,115
40,33,55
40,34,420
40,35,635
40,36,300
40,37,435
40,38,520
40,39,30
40,41,135
40,42,260
40,43,650
40,44,180
40,45,265
40,46,370
40,47,285
40,48,60
40,49,405
40,50,220
40,51,455
40,52,25
40,53,495
40,54,340
40,55,520
40,56,245
40,57,235
40,58,345
40,59,445
40,60,100
40,61,105
40,62,185
40,63,90
40,64,75
40,65,155
40,66,550
40,67,435
40,68,420
40,69,755
40,70,515
41,1,695
41,2,255
41,3,525
41,4,710
41,5,780
41,6,505
41,7,750
41,8,615
41,9,180
41,10,780
41,11,315
41,12,240
41,13,425
41,14,510
41,15,435
41,16,790
41,17,785
41,18,710
41,19,225
41,20,550
41,21,280
41,22,795
41,23,710
41,24,625
41,25,665
41,26,155
41,27,280
41,28,160
41,29,690
41,30,495
41,31,160
41,32,330
41,33,200
41,34,520
41,35,675
41,36,290
41,37,80
41,38,480
41,39,145
41,40,135
41,42,575
41,43,340
41,44,200
41,45,750
41,46,645
41,47,610
41,48,50
41,49,730
41,50,525
41,51,760
41,52,440
41,53,245
41,54,75
41,55,340
41,56,295
41,57,685
41,58,790
41,59,45
41,60,290
41,61,800
41,62,335
41,63,305
41,64,85
41,65,475
41,66,120
41,67,305
41,68,750
41,69,565
41,70,195
42,1,35
42,2,95
42,3,295
42,4,425
42,5,215
42,6,455
42,7,290
42,8,735
42,9,445
42,10,605
42,11,150
42,12,420
42,13,700
42,14,425
42,15,290
42,16,735
42,17,355
42,18,270
42,19,80
42,20,100
42,21,155
42,22,90
42,23,740
42,24,460
42,25,10
42,26,625
42,27,480
42,28,10
42,29,755
42,30,230
42,31,680
42,32,475
42,33,730
42,34,410
42,35,550
42,36,220
42,37,690
42,38,365
42,39,190
42,40,260
42,41,575
42,43,595
42,44,265
42,45,300
42,46,395
42,47,165
42,48,235
42,49,235
42,50,345
42,51,385
42,52,750
42,53,670
42,54,235
42,55,770
42,56,580
42,57,695
42,58,420
42,59,45
42,60,770
42,61,540
42,62,55
42,63,785
42,64,240
42,65,760
42,66,140
42,67,5
42,68,705
42,69,685
42,70,270
43,1,495
43,2,715
43,3,385
43,4,5
43,5,635
43,6,435
43,7,760
43,8,555
43,9,365
43,10,580
43,11,170
43,12,670
43,13,155
43,14,115
43,15,530
43,16,230
43,17,670
43,18,345
43,19,630
43,20,580
43,21,305
43,22,270
43,23,630
43,24,20
43,25,80
43,26,285
43,27,590
43,28,775
43,29,385
43,30,410
43,31,595
43,32,650
43,33,715
43,34,530
43,35,70
43,36,215
43,37,35
43,38,135
43,39,575
43,40,650
43,41,340
43,42,595
43,44,80
43,45,505
43,46,325
43,47,745
43,48,705
43,49,500
43,50,720
43,51,170
43,52,210
43,53,5
43,54,75
43,55,480
43,56,240
43,57,625
43,58,515
43,59,145
43,60,230
43,61,110
43,62,455
43,63,120
43,64,685
43,65,25
43,66,685
43,67,190
43,68,605
43,69,50
43,70,570
44,1,220
44,2,555
44,3,325
44,4,135
44,5,400
44,6,315
44,7,25
44,8,780
44,9,490
44,10,5
44,11,475
44,12,435
44,13,750
44,14,225
44,15,545
44,16,50
44,17,435
44,18,645
44,19,535
44,20,130
44,21,210
44,22,35
44,23,195
44,24,410
44,25,435
44,26,675
44,27,700
44,28,670
44,29,460
44,30,435
44,31,530
44,32,380
44,33,795
44,34,190
44,35,645
44,36,600
44,37,115
44,38,615
44,39,620
44,40,180
44,41,200
44,42,265
44,43,80
44,45,150
44,46,800
44,47,415
44,48,435
44,49,220
44,50,305
44,51,410
44,52,415
44,53,380
44,54,125
44,55,175
44,56,520
44,57,485
44,58,150
44,59,695
44,60,425
44,61,780
44,62,230
44,63,760
44,64,490
44,65,625
44,66,55
44,67,475
44,68,720
44,69,410
44,70,430
45,1,600
45,2,755
45,3,270
45,4,210
45,5,260
45,6,340
45,7,355
45,8,105
45,9,440
45,10,165
45,11,480
45,12,210
45,13,785
45,14,790
45,15,110
45,16,660
45,17,25
45,18,740
45,19,495
45,20,100
45,21,20
45,22,740
45,23,470
45,24,330
45,25,685
45,26,110
45,27,270
45,28,360
45,29,795
45,30,45
45,31,90
45,32,540
45,33,260
45,34,790
45,35,110
45,36,110
45,37,175
45,38,790
45,39,475
45,40,265
45,41,750
45,42,300
45,43,505
45,44,150
45,46,640
45,47,525
45,48,375
45,49,450
45,50,595
45,51,415
45,52,100
45,53,215
45,54,740
45,55,475
45,56,435
45,57,750
45,58,205
45,59,730
45,60,450
45,61,595
45,62,550
45,63,115
45,64,780
45,65,340
45,66,65
45,67,90
45,68,780
45,69,460
45,70,390
46,1,395
46,2,335
46,3,215
46,4,35
46,5,495
46,6,110
46,7,565
46,8,520
46,9,415
46,10,210
46,11,140
46,12,285
46,13,265
46,14,640
46,15,355
46,16,145
46,17,10
46,18,695
46,19,280
46,20,545
46,21,235
46,22,300
46,23,165
46,24,180
46,25,215
46,26,560
46,27,375
46,28,795
46,29,325
46,30,350
46,31,670
46,32,610
46,33,790
46,34,70
46,35,460
46,36,645
46,37,625
46,38,115
46,39,700
46,40,370
46,41,645
46,42,395
46,43,325
46,44,800
46,45,640
46,47,520
46,48,175
46,49,560
46,50,200
46,51,510
46,52,770
46,53,585
46,54,780
46,55,610
46,56,425
46,57,360
46,58,515
46,59,250
46,60,355
46,61,535
46,62,660
46,63,260
46,64,530
46,65,405
46,66,130
46,67,245
46,68,85
46,69,700
46,70,545
47,1,635
47,2,655
47,3,615
47,4,550
47,5,10
47,6,235
47,7,565
47,8,310
47,9,230
47,10,65
47,11,750
47,12,150
47,13,500
47,14,750
47,15,750
47,16,30
47,17,630
47,18,400
47,19,555
47,20,120
47,21,195
47,22,795
47,23,105
47,24,185
47,25,625
47,26,155
47,27,135
47,28,640
47,29,180
47,30,175
47,31,365
47,32,150
47,33,495
47,34,335
47,35,460
47,36,245
47,37,290
47,38,665
47,39,365
47,40,285
47,41,610
47,42,165
47,43,745
47,44,415
47,45,525
47,46,520
47,48,665
47,49,760
47,50,505
47,51,415
47,52,445
47,53,790
47,54,505
47,55,685
47,56,395
47,57,20
47,58,200
47,59,445
47,60,85
47,61,380
47,62,140
47,63,265
47,64,90
47,65,345
47,66,580
47,67,615
47,68,745
47,69,610
47,70,270
48,1,420
48,2,645
48,3,195
48,4,25
48,5,55
48,6,10
48,7,410
48,8,450
48,9,705
48,10,590
48,11,45
48,12,285
48,13,425
48,14,280
48,15,460
48,16,620
48,17,360
48,18,470
48,19,190
48,20,50
48,21,165
48,22,435
48,23,555
48,24,355
48,25,515
48,26,320
48,27,375
48,28,395
48,29,695
48,30,735
48,31,525
48,32,500
48,33,525
48,34,790
48,35,15
48,36,275
48,37,25
48,38,705
48,39,790
48,40,60
48,41,50
48,42,235
48,43,705
48,44,435
48,45,375
48,46,175
48,47,665
48,49,705
48,50,425
48,51,215
48,52,135
48,53,40
48,54,140
48,55,745
48,56,90
48,57,670
48,58,125
48,59,685
48,60,480
48,61,160
48,62,640
48,63,630
48,64,80
48,65,140
48,66,485
48,67,265
48,68,215
48,69,635
48,70,495
49,1,480
49,2,290
49,3,770
49,4,400
49,5,740
49,6,750
49,7,490
49,8,160
49,9,750
49,10,660
49,11,165
49,12,155
49,13,370
49,14,170
49,15,465
49,16,435
49,17,235
49,18,740
49,19,250
49,20,110
49,21,280
49,22,455
49,23,730
49,24,740
49,25,585
49,26,275
49,27,370
49,28,105
49,29,555
49,30,555
49,31,725
49,32,620
49,33,485
49,34,390
49,35,750
49,36,530
49,37,670
49,38,60
49,39,210
49,40,405
49,41,730
49,42,235
49,43,500
49,44,220
49,45,450
49,46,560
49,47,760
49,48,705
49,50,550
49,51,560
49,52,750
49,53,100
49,54,490
49,55,395
49,56,425
49,57,180
49,58,600
49,59,210
49,60,160
49,61,700
49,62,25
49,63,30
49,64,355
49,65,55
49,66,785
49,67,505
49,68,530
49,69,265
49,70,385
50,1,180
50,2,735
50,3,740
50,4,385
50,5,725
50,6,490
50,7,600
50,8,320
50,9,645
50,10,275
50,11,410
50,12,670
50,13,290
50,14,545
50,15,615
50,16,270
50,17,695
50,18,135
50,19,290
50,20,15
50,21,430
50,22,155
50,23,605
50,24,260
50,25,720
50,26,740
50,27,105
50,28,170
50,29,140
50,30,95
50,31,90
50,32,340
50,33,640
50,34,490
50,35,495
50,36,35
50,37,295
50,38,385
50,39,555
50,40,220
50,41,525
50,42,345
50,43,720
50,44,305
50,45,595
50,46,200
50,47,505
50,48,425
50,49,550
50,51,15
50,52,165
50,53,690
50,54,55
50,55,250
50,56,665
50,57,490
50,58,735
50,59,710
50,60,200
50,61,770
50,62,365
50,63,715
50,64,375
50,65,470
50,66,10
50,67,585
50,68,335
50,69,95
50,70,480
51,1,295
51,2,235
51,3,220
51,4,225
51,5,670
51,6,715
51,7,645
51,8,275
51,9,780
51,10,110
51,11,610
51,12,310
51,13,270
51,14,285
51,15,200
51,16,465
51,17,525
51,18,300
51,19,175
51,20,155
51,21,100
51,22,175
51,23,660
51,24,230
51,25,615
51,26,675
51,27,515
51,28,665
51,29,10
51,30,290
51,31,485
51,32,355
51,33,490
51,34,10
51,35,535
51,36,620
51,37,635
51,38,595
51,39,480
51,40,455
51,41,760
51,42,385
51,43,170
51,44,410
51,45,415
51,46,510
51,47,415
51,48,215
51,49,560
51,50,15
51,52,5
51,53,755
51,54,555
51,55,220
51,56,605
51,57,530
51,58,230
51,59,430
51,60,50
51,61,545
51,62,740
51,63,375
51,64,300
51,65,735
51,66,10
51,67,745
51,68,555
51,69,660
51,70,690
52,1,240
52,2,135
52,3,180
52,4,475
52,5,735
52,6,340
52,7,270
52,8,290
52,9,420
52,10,535
52,11,120
52,12,10
52,13,70
52,14,355
52,15,560
52,16,685
52,17,230
52,18,210
52,19,545
52,20,60
52,21,155
52,22,390
52,23,185
52,24,295
52,25,170
52,26,505
52,27,720
52,28,260
52,29,140
52,30,245
52,31,15
52,32,395
52,33,305
52,34,615
52,35,340
52,36,555
52,37,705
52,38,590
52,39,225
52,40,25
52,41,440
52,42,750
52,43,210
52,44,415
52,45,100
52,46,770
52,47,445
52,48,135
52,49,750
52,50,165
52,51,5
52,53,90
52,54,565
52,55,445
52,56,420
52,57,255
52,58,130
52,59,260
52,60,540
52,61,420
52,62,490
52,63,610
52,64,135
52,65,400
52,66,615
52,67,245
52,68,675
52,69,545
52,70,265
53,1,685
53,2,365
53,3,205
53,4,230
53,5,545
53,6,325
53,7,455
53,8,300
53,9,95
53,10,665
53,11,745
53,12,250
53,13,315
53,14,730
53,15,240
53,16,515
53,17,520
53,18,665
53,19,590
53,20,35
53,21,395
53,22,180
53,23,310
53,24,400
53,25,35
53,26,695
53,27,345
53,28,595
53,29,170
53,30,245
53,31,75
53,32,175
53,33,140
53,34,595
53,35,565
53,36,745
53,37,545
53,38,655
53,39,225
53,40,495
53,41,245
53,42,670
53,43,5
53,44,380
53,45,215
53,46,585
53,47,790
53,48,40
53,49,100
53,50,690
53,51,755
53,52,90
53,54,435
53,55,675
53,56,195
53,57,20
53,58,490
53,59,435
53,60,185
53,61,740
53,62,750
53,63,395
53,64,560
53,65,415
53,66,230
53,67,10
53,68,235
53,69,535
53,70,125
54,1,780
54,2,195
54,3,200
54,4,740
54,5,625
54,6,445
54,7,685
54,8,95
54,9,525
54,10,540
54,11,340
54,12,670
54,13,195
54,14,670
54,15,460
54,16,340
54,17,215
54,18,60
54,19,10
54,20,250
54,21,330
54,22,750
54,23,335
54,24,655
54,25,125
54,26,175
54,27,145
54,28,130
54,29,725
54,30,450
54,31,725
54,32,670
54,33,50
54,34,175
54,35,380
54,36,50
54,37,440
54,38,430
54,39,550
54,40,340
54,41,75
54,42,235
54,43,75
54,44,125
54,45,740
54,46,780
54,47,505
54,48,140
54,49,490
54,50,55
54,51,555
54,52,565
54,53,435
54,55,185
54,56,705
54,57,485
54,58,520
54,59,60
54,60,175
54,61,625
54,62,505
54,63,60
54,64,530
54,65,420
54,66,760
54,67,20
54,68,585
54,69,320
54,70,550
55,1,500
55,2,5
55,3,195
55,4,5
55,5,555
55,6,480
55,7,475
55,8,405
55,9,155
55,10,115
55,11,50
55,12,230
55,13,390
55,14,315
55,15,510
55,16,440
55,17,140
55,18,225
55,19,285
55,20,415
55,21,590
55,22,225
55,23,750
55,24,190
55,25,575
55,26,55
55,27,240
55,28,590
55,29,570
55,30,640
55,31,440
55,32,405
55,33,125
55,34,320
55,35,330
55,36,550
55,37,720
55,38,450
55,39,650
55,40,520
55,41,340
55,42,770
55,43,480
55,44,175
55,45,475
55,46,610
55,47,685
55,48,745
55,49,395
55,50,250
55,51,220
55,52,445
55,53,675
55,54,185
55,56,60
55,57,610
55,58,45
55,59,515
55,60,405
55,61,425
55,62,595
55,63,220
55,64,195
55,65,610
55,66,770
55,67,135
55,68,305
55,69,80
55,70,750
56,1,715
56,2,495
56,3,345
56,4,455
56,5,160
56,6,410
56,7,410
56,8,655
56,9,690
56,10,305
56,11,540
56,12,630
56,13,565
56,14,590
56,15,320
56,16,150
56,17,295
56,18,445
56,19,195
56,20,315
56,21,240
56,22,765
56,23,85
56,24,20
56,25,105
56,26,545
56,27,50
56,28,45
56,29,110
56,30,380
56,31,520
56,32,85
56,33,310
56,34,215
56,35,795
56,36,585
56,37,80
56,38,280
56,39,65
56,40,245
56,41,295
56,42,580
56,43,240
56,44,520
56,45,435
56,46,425
56,47,395
56,48,90
56,49,425
56,50,665
56,51,605
56,52,420
56,53,195
56,54,705
56,55,60
56,57,645
56,58,585
56,59,640
56,60,460
56,61,290
56,62,130
56,63,710
56,64,725
56,65,610
56,66,290
56,67,400
56,68,530
56,69,235
56,70,115
57,1,785
57,2,530
57,3,665
57,4,295
57,5,365
57,6,470
57,7,685
57,8,275
57,9,755
57,10,545
57,11,225
57,12,430
57,13,110
57,14,235
57,15,200
57,16,190
57,17,435
57,18,500
57,19,745
57,20,800
57,21,650
57,22,655
57,23,430
57,24,245
57,25,180
57,26,430
57,27,50
57,28,575
57,29,345
57,30,635
57,31,190
57,32,295
57,33,15
57,34,65
57,35,390
57,36,680
57,37,75
57,38,445
57,39,300
57,40,235
57,41,685
57,42,695
57,43,625
57,44,485
57,45,750
57,46,360
57,47,20
57,48,670
57,49,180
57,50,490
57,51,530
57,52,255
57,53,20
57,54,485
57,55,610
57,56,645
57,58,250
57,59,280
57,60,115
57,61,175
57,62,445
57,63,45
57,64,335
57,65,570
57,66,705
57,67,485
57,68,375
57,69,655
57,70,260
58,1,520
58,2,530
58,3,495
58,4,300
58,5,635
58,6,110
58,7,550
58,8,400
58,9,85
58,10,415
58,11,625
58,12,125
58,13,665
58,14,235
58,15,750
58,16,165
58,17,745
58,18,330
58,19,615
58,20,355
58,21,735
58,22,280
58,23,500
58,24,240
58,25,365
58,26,415
58,27,25
58,28,100
58,29,530
58,30,340
58,31,500
58,32,660
58,33,775
58,34,180
58,35,95
58,36,445
58,37,30
58,38,20
58,39,645
58,40,345
58,41,790
58,42,420
58,43,515
58,44,150
58,45,205
58,46,515
58,47,200
58,48,125
58,49,600
58,50,735
58,51,230
58,52,130
58,53,490
58,54,520
58,55,45
58,56,585
58,57,250
58,59,305
58,60,115
58,61,525
58,62,25
58,63,190
58,64,785
58,65,755
58,66,785
58,67,55
58,68,160
58,69,340
58,70,430
59,1,640
59,2,545
59,3,160
59,4,20
59,5,5
59,6,610
59,7,90
59,8,95
59,9,240
59,10,785
59,11,775
59,12,425
59,13,745
59,14,240
59,15,360
59,16,210
59,17,600
59,18,210
59,19,305
59,20,125
59,21,615
59,22,20
59,23,225
59,24,665
59,25,375
59,26,205
59,27,445
59,28,790
59,29,260
59,30,595
59,31,65
59,32,100
59,33,255
59,34,390
59,35,690
59,36,675
59,37,260
59,38,590
59,39,770
59,40,445
59,41,45
59,42,45
59,43,145
59,44,695
59,45,730
59,46,250
59,47,445
59,48,685
59,49,210
59,50,710
59,51,430
59,52,260
59,53,435
59,54,60
59,55,515
59,56,640
59,57,280
59,58,305
59,60,375
59,61,505
59,62,405
59,63,635
59,64,570
59,65,460
59,66,130
59,67,505
59,68,745
59,69,790
59,70,580
60,1,325
60,2,685
60,3,650
60,4,550
60,5,445
60,6,525
60,7,405
60,8,465
60,9,640
60,10,215
60,11,555
60,12,230
60,13,665
60,14,20
60,15,430
60,16,755
60,17,120
60,18,335
60,19,550
60,20,625
60,21,270
60,22,275
60,23,160
60,24,110
60,25,75
60,26,685
60,27,455
60,28,475
60,29,480
60,30,290
60,31,520
60,32,520
60,33,765
60,34,415
60,35,275
60,36,40
60,37,135
60,38,670
60,39,795
60,40,100
60,41,290
60,42,770
60,43,230
60,44,425
60,45,450
60,46,355
60,47,85
60,48,480
60,49,160
60,50,200
60,51,50
60,52,540
60,53,185
60,54,175
60,55,405
60,56,460
60,57,115
60,58,115
60,59,375
60,61,155
60,62,690
60,63,105
60,64,595
60,65,40
60,66,520
60,67,50
60,68,740
60,69,140
60,70,75
61,1,390
61,2,30
61,3,790
61,4,445
61,5,350
61,6,285
61,7,20
61,8,415
61,9,355
61,10,695
61,11,400
61,12,575
61,13,390
61,14,735
61,15,510
61,16,515
61,17,5
61,18,310
61,19,560
61,20,595
61,21,580
61,22,310
61,23,330
61,24,655
61,25,410
61,26,660
61,27,245
61,28,220
61,29,170
61,30,760
61,31,145
61,32,590
61,33,25
61,34,675
61,35,255
61,36,610
61,37,800
61,38,670
61,39,345
61,40,105
61,41,800
61,42,540
61,43,110
61,44,780
61,45,595
61,46,535
61,47,380
61,48,160
61,49,700
61,50,770
61,51,545
61,52,420
61,53,740
61,54,625
61,55,425
61,56,290
61,57,175
61,58,525
61,59,505
61,60,155
61,62,245
61,63,540
61,64,165
61,65,780
61,66,35
61,67,395
61,68,515
61,69,325
61,70,50
62,1,55
62,2,545
62,3,120
62,4,615
62,5,50
62,6,255
62,7,355
62,8,285
62,9,395
62,10,300
62,11,80
62,12,590
62,13,530
62,14,550
62,15,535
62,16,665
62,17,105
62,18,80
62,19,475
62,20,75
62,21,30
62,22,75
62,23,295
62,24,690
62,25,65
62,26,15
62,27,605
62,28,350
62,29,155
62,30,605
62,31,500
62,32,570
62,33,320
62,34,335
62,35,305
62,36,545
62,37,335
62,38,30
62,39,350
62,40,185
62,41,335
62,42,55
62,43,455
62,44,230
62,45,550
62,46,660
62,47,140
62,48,640
62,49,25
62,50,365
62,51,740
62,52,490
62,53,750
62,54,505
62,55,595
62,56,130
62,57,445
62,58,25
62,59,405
62,60,690
62,61,245
62,63,505
62,64,175
62,65,505
62,66,320
62,67,640
62,68,705
62,69,625
62,70,565
63,1,645
63,2,460
63,3,685
63,4,635
63,5,355
63,6,220
63,7,730
63,8,695
63,9,25
63,10,110
63,11,235
63,12,360
63,13,370
63,14,190
63,15,355
63,16,315
63,17,735
63,18,110
63,19,770
63,20,380
63,21,495
63,22,780
63,23,130
63,24,445
63,25,135
63,26,380
63,27,540
63,28,745
63,29,170
63,30,20
63,31,780
63,32,85
63,33,225
63,34,325
63,35,700
63,36,700
63,37,605
63,38,730
63,39,275
63,40,90
63,41,305
63,42,785
63,43,120
63,44,760
63,45,115
63,46,260
63,47,265
63,48,630
63,49,30
63,50,715
63,51,375
63,52,610
63,53,395
63,54,60
63,55,220
63,56,710
63,57,45
63,58,190
63,59,635
63,60,105
63,61,540
63,62,505
63,64,340
63,65,520
63,66,65
63,67,305
63,68,355
63,69,330
63,70,220
64,1,285
64,2,555
64,3,195
64,4,200
64,5,675
64,6,120
64,7,40
64,8,280
64,9,460
64,10,70
64,11,435
64,12,150
64,13,335
64,14,400
64,15,140
64,16,135
64,17,540
64,18,490
64,19,630
64,20,235
64,21,90
64,22,155
64,23,715
64,24,15
64,25,600
64,26,760
64,27,755
64,28,410
64,29,575
64,30,605
64,31,540
64,32,770
64,33,290
64,34,765
64,35,430
64,36,265
64,37,555
64,38,80
64,39,365
64,40,75
64,41,85
64,42,240
64,43,685
64,44,490
64,45,780
64,46,530
64,47,90
64,48,80
64,49,355
64,50,375
64,51,300
64,52,135
64,53,560
64,54,530
64,55,195
64,56,725
64,57,335
64,58,785
64,59,570
64,60,595
64,61,165
64,62,175
64,63,340
64,65,190
64,66,595
64,67,705
64,68,620
64,69,30
64,70,445
65,1,680
65,2,720
65,3,335
65,4,160
65,5,495
65,6,270
65,7,760
65,8,370
65,9,460
65,10,595
65,11,10
65,12,110
65,13,30
65,14,635
65,15,560
65,16,595
65,17,95
65,18,525
65,19,435
65,20,330
65,21,45
65,22,135
65,23,355
65,24,410
65,25,270
65,26,370
65,27,390
65,28,55
65,29,205
65,30,730
65,31,270
65,32,340
65,33,625
65,34,270
65,35,25
65,36,415
65,37,620
65,38,685
65,39,620
65,40,155
65,41,475
65,42,760
65,43,25
65,44,625
65,45,340
65,46,405
65,47,345
65,48,140
65,49,55
65,50,470
65,51,735
65,52,400
65,53,415
65,54,420
65,55,610
65,56,610
65,57,570
65,58,755
65,59,460
65,60,40
65,61,780
65,62,505
65,63,520
65,64,190
65,66,475
65,67,200
65,68,320
65,69,650
65,70,245
66,1,795
66,2,215
66,3,260
66,4,295
66,5,595
66,6,670
66,7,145
66,8,195
66,9,595
66,10,300
66,11,230
66,12,220
66,13,745
66,14,305
66,15,740
66,16,700
66,17,770
66,18,675
66,19,80
66,20,345
66,21,45
66,22,410
66,23,540
66,24,575
66,25,245
66,26,680
66,27,415
66,28,530
66,29,220
66,30,280
66,31,370
66,32,450
66,33,360
66,34,110
66,35,200
66,36,365
66,37,730
66,38,420
66,39,605
66,40,550
66,41,120
66,42,140
66,43,685
66,44,55
66,45,65
66,46,130
66,47,580
66,48,485
66,49,785
66,50,10
66,51,10
66,52,615
66,53,230
66,54,760
66,55,770
66,56,290
66,57,705
66,58,785
66,59,130
66,60,520
66,61,35
66,62,320
66,63,65
66,64,595
66,65,475
66,67,395
66,68,630
66,69,360
66,70,670
67,1,390
67,2,55
67,3,350
67,4,580
67,5,750
67,6,190
67,7,300
67,8,620
67,9,65
67,10,305
67,11,475
67,12,510
67,13,35
67,14,175
67,15,300
67,16,285
67,17,100
67,18,400
67,19,710
67,20,700
67,21,25
67,22,410
67,23,170
67,24,560
67,25,660
67,26,430
67,27,635
67,28,360
67,29,390
67,30,60
67,31,20
67,32,80
67,33,50
67,34,560
67,35,580
67,36,145
67,37,250
67,38,15
67,39,795
67,40,435
67,41,305
67,42,5
67,43,190
67,44,475
67,45,90
67,46,245
67,47,615
67,48,265
67,49,505
67,50,585
67,51,745
67,52,245
67,53,10
67,54,20
67,55,135
67,56,400
67,57,485
67,58,55
67,59,505
67,60,50
67,61,395
67,62,640
67,63,305
67,64,705
67,65,200
67,66,395
67,68,545
67,69,70
67,70,785
68,1,290
68,2,255
68,3,265
68,4,105
68,5,265
68,6,60
68,7,165
68,8,220
68,9,630
68,10,245
68,11,140
68,12,645
68,13,385
68,14,580
68,15,515
68,16,145
68,17,395
68,18,250
68,19,210
68,20,570
68,21,765
68,22,45
68,23,380
68,24,715
68,25,790
68,26,350
68,27,460
68,28,120
68,29,180
68,30,685
68,31,420
68,32,390
68,33,40
68,34,740
68,35,350
68,36,680
68,37,165
68,38,105
68,39,165
68,40,420
68,41,750
68,42,705
68,43,605
68,44,720
68,45,780
68,46,85
68,47,745
68,48,215
68,49,530
68,50,335
68,51,555
68,52,675
68,53,235
68,54,585
68,55,305
68,56,530
68,57,375
68,58,160
68,59,745
68,60,740
68,61,515
68,62,705
68,63,355
68,64,620
68,65,320
68,66,630
68,67,545
68,69,455
68,70,170
69,1,45
69,2,635
69,3,80
69,4,345
69,5,600
69,6,400
69,7,80
69,8,425
69,9,155
69,10,240
69,11,140
69,12,535
69,13,310
69,14,620
69,15,715
69,16,800
69,17,290
69,18,140
69,19,375
69,20,15
69,21,425
69,22,295
69,23,40
69,24,565
69,25,780
69,26,20
69,27,615
69,28,625
69,29,285
69,30,80
69,31,795
69,32,125
69,33,425
69,34,395
69,35,210
69,36,40
69,37,60
69,38,475
69,39,305
69,40,755
69,41,565
69,42,685
69,43,50
69,44,410
69,45,460
69,46,700
69,47,610
69,48,635
69,49,265
69,50,95
69,51,660
69,52,545
69,53,535
69,54,320
69,55,80
69,56,235
69,57,655
69,58,340
69,59,790
69,60,140
69,61,325
69,62,625
69,63,330
69,64,30
69,65,650
69,66,360
69,67,70
69,68,455
69,70,80
70,1,735
70,2,400
70,3,540
70,4,15
70,5,700
70,6,100
70,7,350
70,8,425
70,9,425
70,10,210
70,11,545
70,12,230
70,13,430
70,14,555
70,15,390
70,16,770
70,17,380
70,18,40
70,19,265
70,20,20
70,21,610
70,22,470
70,23,400
70,24,750
70,25,465
70,26,405
70,27,740
70,28,430
70,29,515
70,30,440
70,31,580
70,32,250
70,33,615
70,34,405
70,35,155
70,36,420
70,37,470
70,38,580
70,39,570
70,40,515
70,41,195
70,42,270
70,43,570
70,44,430
70,45,390
70,46,545
70,47,270
70,48,495
70,49,385
70,50,480
70,51,690
70,52,265
70,53,125
70,54,550
70,55,750
70,56,115
70,57,260
70,58,430
70,59,580
70,60,75
70,61,50
70,62,565
70,63,220
70,64,445
70,65,245
70,66,670
70,67,785
70,68,170
70,69,80